1791288602 1791288600 True 1791288600.437 {"11827298": {"bids": [[0.44, 9], [0.38, 25], [0.36, 30], [0.35, 8.57]], "asks": [[0.45, 170], [0.46, 35.55], [0.47, 330], [0.48, 190]]}, "53226090": {"bids": [[0.46, 14.64], [0.45, 50], [0.44, 50], [0.43, 86]], "asks": [[0.47, 1096.7], [0.48, 10], [0.49, 159.18], [0.5, 56]]}, "74894925": {"bids": [[0.53, 1096.7], [0.52, 10], [0.51, 159.18], [0.5, 56]], "asks": [[0.54, 14.64], [0.55, 50], [0.56, 50], [0.57, 86]]}, "80190457": {"bids": [[0.55, 170], [0.54, 35.55], [0.53, 330], [0.52, 190]], "asks": [[0.56, 9], [0.62, 25], [0.64, 30], [0.65, 8.57]]}} proba None
1791288617 1791288600 True 1791288600.437 {"11827298": {"bids": [[0.36, 18], [0.35, 71], [0.34, 204], [0.33, 219]], "asks": [[0.37, 101.26], [0.38, 51], [0.39, 61], [0.4, 10]]}, "53226090": {"bids": [[0.43, 99.46], [0.42, 3240.29], [0.41, 344], [0.4, 278]], "asks": [[0.44, 480.72], [0.45, 245], [0.46, 280], [0.47, 241]]}, "74894925": {"bids": [[0.56, 480.72], [0.55, 245], [0.54, 280], [0.53, 241]], "asks": [[0.57, 99.46], [0.58, 3240.29], [0.59, 344], [0.6, 278]]}, "80190457": {"bids": [[0.63, 101.26], [0.62, 51], [0.61, 61], [0.6, 10]], "asks": [[0.64, 18], [0.65, 71], [0.66, 204], [0.67, 219]]}} proba 0.495510787990545
1791288633 1791288600 True 1791288600.437 {"11827298": {"bids": [[0.35, 5], [0.34, 517], [0.33, 383], [0.32, 203]], "asks": [[0.36, 127.39], [0.37, 56], [0.38, 25], [0.39, 41]]}, "53226090": {"bids": [[0.48, 235], [0.47, 278.82], [0.46, 2386.82], [0.45, 343]], "asks": [[0.49, 649.87], [0.5, 1259], [0.51, 1286.9], [0.52, 310.18]]}, "74894925": {"bids": [[0.51, 649.87], [0.5, 1259], [0.49, 1286.9], [0.48, 310.18]], "asks": [[0.52, 235], [0.53, 278.82], [0.54, 2386.82], [0.55, 343]]}, "80190457": {"bids": [[0.64, 127.39], [0.63, 56], [0.62, 25], [0.61, 41]], "asks": [[0.65, 5], [0.66, 517], [0.67, 383], [0.68, 203]]}} proba 0.4944426437947259
1791288648 1791288600 True 1791288600.437 {"11827298": {"bids": [[0.26, 79.59], [0.25, 26.99], [0.24, 106], [0.23, 36]], "asks": [[0.27, 91.84], [0.28, 86], [0.29, 169], [0.3, 219]]}, "53226090": {"bids": [[0.32, 4675.12], [0.31, 522.47], [0.3, 370], [0.29, 360.63]], "asks": [[0.33, 208.09], [0.34, 20], [0.35, 150], [0.36, 262]]}, "74894925": {"bids": [[0.67, 208.09], [0.66, 20], [0.65, 150], [0.64, 262]], "asks": [[0.68, 4675.12], [0.69, 522.47], [0.7, 370], [0.71, 360.63]]}, "80190457": {"bids": [[0.73, 91.84], [0.72, 86], [0.71, 169], [0.7, 219]], "asks": [[0.74, 79.59], [0.75, 26.99], [0.76, 106], [0.77, 36]]}} proba 0.4035822208329717
1791288663 1791288600 True 1791288600.437 {"11827298": {"bids": [[0.27, 91.47], [0.26, 36], [0.25, 61], [0.24, 10]], "asks": [[0.28, 109.93], [0.29, 98], [0.3, 138], [0.31, 274]]}, "53226090": {"bids": [[0.32, 512.84], [0.31, 2328.33], [0.3, 1300.33], [0.29, 306.63]], "asks": [[0.33, 65.9], [0.34, 82], [0.35, 455.68], [0.36, 469]]}, "74894925": {"bids": [[0.67, 65.9], [0.66, 82], [0.65, 455.68], [0.64, 469]], "asks": [[0.68, 512.84], [0.69, 2328.33], [0.7, 1300.33], [0.71, 306.63]]}, "80190457": {"bids": [[0.72, 109.93], [0.71, 98], [0.7, 138], [0.69, 274]], "asks": [[0.73, 91.47], [0.74, 36], [0.75, 61], [0.76, 10]]}} proba 0.3912614436395403
1791288678 1791288600 True 1791288600.437 {"11827298": {"bids": [[0.27, 86], [0.26, 49.93], [0.25, 133], [0.24, 163]], "asks": [[0.28, 88.42], [0.29, 242.03], [0.3, 101], [0.31, 130]]}, "53226090": {"bids": [[0.31, 3507.9], [0.3, 390], [0.29, 282], [0.28, 268]], "asks": [[0.32, 95], [0.33, 123.34], [0.34, 366.56], [0.35, 391.56]]}, "74894925": {"bids": [[0.68, 95], [0.67, 123.34], [0.66, 366.56], [0.65, 391.56]], "asks": [[0.69, 3507.9], [0.7, 390], [0.71, 282], [0.72, 268]]}, "80190457": {"bids": [[0.72, 88.42], [0.71, 242.03], [0.7, 101], [0.69, 130]], "asks": [[0.73, 86], [0.74, 49.93], [0.75, 133], [0.76, 163]]}} proba 0.4072680211164866
1791296410 1791296400 True 1791296400.906 {"10535375": {"bids": [[0.61, 279], [0.6, 558], [0.59, 680], [0.58, 467]], "asks": [[0.62, 1524.33], [0.63, 2497], [0.64, 1832.16], [0.65, 877]]}, "12328302": {"bids": [[0.66, 18], [0.65, 24], [0.64, 86], [0.63, 85]], "asks": [[0.67, 383.89], [0.68, 693], [0.69, 256], [0.7, 268]]}, "55037866": {"bids": [[0.38, 1524.33], [0.37, 2497], [0.36, 1832.16], [0.35, 877]], "asks": [[0.39, 279], [0.4, 558], [0.41, 680], [0.42, 467]]}, "80430314": {"bids": [[0.33, 383.89], [0.32, 693], [0.31, 256], [0.3, 268]], "asks": [[0.34, 18], [0.35, 24], [0.36, 86], [0.37, 85]]}} proba None
1791296425 1791296400 True 1791296400.906 {"10535375": {"bids": [[0.77, 2220.92], [0.76, 1041.14], [0.75, 2019.9], [0.74, 2737]], "asks": [[0.79, 5], [0.8, 155], [0.81, 397.31], [0.82, 537]]}, "12328302": {"bids": [[0.82, 51], [0.81, 125], [0.8, 127], [0.79, 188]], "asks": [[0.83, 173.01], [0.84, 586], [0.85, 181], [0.86, 329.6]]}, "55037866": {"bids": [[0.21, 5], [0.2, 155], [0.19, 397.31], [0.18, 537]], "asks": [[0.23, 2220.92], [0.24, 1041.14], [0.25, 2019.9], [0.26, 2737]]}, "80430314": {"bids": [[0.17, 173.01], [0.16, 586], [0.15, 181], [0.14, 329.6]], "asks": [[0.18, 51], [0.19, 125], [0.2, 127], [0.21, 188]]}} proba 0.2591222463494318
1791296441 1791296400 True 1791296400.906 {"10535375": {"bids": [[0.81, 917.51], [0.8, 654.28], [0.79, 656.28], [0.78, 610.54]], "asks": [[0.82, 78], [0.83, 198.02], [0.84, 3839.97], [0.85, 924.25]]}, "12328302": {"bids": [[0.85, 90], [0.84, 209.89], [0.83, 172], [0.82, 141]], "asks": [[0.86, 66], [0.87, 584], [0.88, 130], [0.89, 314]]}, "55037866": {"bids": [[0.18, 78], [0.17, 198.02], [0.16, 3839.97], [0.15, 924.25]], "asks": [[0.19, 917.51], [0.2, 654.28], [0.21, 656.28], [0.22, 610.54]]}, "80430314": {"bids": [[0.14, 66], [0.13, 584], [0.12, 130], [0.11, 314]], "asks": [[0.15, 90], [0.16, 209.89], [0.17, 172], [0.18, 141]]}} proba 0.2307253375008631
1791296456 1791296400 True 1791296400.906 {"10535375": {"bids": [[0.8, 341], [0.79, 758.72], [0.78, 728.16], [0.77, 483.42]], "asks": [[0.81, 493.42], [0.82, 388.84], [0.83, 2728.84], [0.84, 2419.6]]}, "12328302": {"bids": [[0.8, 310.33], [0.79, 171], [0.78, 243], [0.77, 223]], "asks": [[0.81, 19], [0.82, 486], [0.83, 121], [0.84, 152]]}, "55037866": {"bids": [[0.19, 493.42], [0.18, 388.84], [0.17, 2728.84], [0.16, 2419.6]], "asks": [[0.2, 341], [0.21, 758.72], [0.22, 728.16], [0.23, 483.42]]}, "80430314": {"bids": [[0.19, 19], [0.18, 486], [0.17, 121], [0.16, 152]], "asks": [[0.2, 310.33], [0.21, 171], [0.22, 243], [0.23, 223]]}} proba 0.2609316597323609
1791296471 1791296400 True 1791296400.906 {"10535375": {"bids": [[0.69, 1624.08], [0.68, 601], [0.67, 902.08], [0.66, 560.19]], "asks": [[0.7, 130.8], [0.71, 189], [0.72, 333], [0.73, 414]]}, "12328302": {"bids": [[0.69, 129], [0.68, 211], [0.67, 145], [0.66, 50]], "asks": [[0.71, 251.03], [0.72, 121], [0.73, 288], [0.74, 445]]}, "55037866": {"bids": [[0.3, 130.8], [0.29, 189], [0.28, 333], [0.27, 414]], "asks": [[0.31, 1624.08], [0.32, 601], [0.33, 902.08], [0.34, 560.19]]}, "80430314": {"bids": [[0.29, 251.03], [0.28, 121], [0.27, 288], [0.26, 445]], "asks": [[0.31, 129], [0.32, 211], [0.33, 145], [0.34, 50]]}} proba 0.3663220711346225
1791296486 1791296400 True 1791296475.371 {"10535375": {"bids": [[0.69, 617], [0.68, 531.45], [0.67, 259], [0.66, 3303.04]], "asks": [[0.7, 75], [0.71, 205], [0.72, 322.17], [0.73, 542]]}, "12328302": {"bids": [[0.73, 25], [0.72, 237.85], [0.71, 198], [0.7, 80]], "asks": [[0.74, 38.51], [0.75, 225], [0.76, 401], [0.77, 540]]}, "55037866": {"bids": [[0.3, 75], [0.29, 205], [0.28, 322.17], [0.27, 542]], "asks": [[0.31, 617], [0.32, 531.45], [0.33, 259], [0.34, 3303.04]]}, "80430314": {"bids": [[0.26, 38.51], [0.25, 225], [0.24, 401], [0.23, 540]], "asks": [[0.27, 25], [0.28, 237.85], [0.29, 198], [0.3, 80]]}} proba 0.35290159970013907
Traceback (most recent call last):
  File "<string>", line 1, in <module>
  File "/usr/lib/python3.12/json/__init__.py", line 293, in load
    return loads(fp.read(),
           ^^^^^^^^^^^^^^^^
  File "/usr/lib/python3.12/json/__init__.py", line 346, in loads
    return _default_decoder.decode(s)
           ^^^^^^^^^^^^^^^^^^^^^^^^^^
  File "/usr/lib/python3.12/json/decoder.py", line 337, in decode
    obj, end = self.raw_decode(s, idx=_w(s, 0).end())
               ^^^^^^^^^^^^^^^^^^^^^^^^^^^^^^^^^^^^^^
  File "/usr/lib/python3.12/json/decoder.py", line 355, in raw_decode
    raise JSONDecodeError("Expecting value", s, err.value) from None
json.decoder.JSONDecodeError: Expecting value: line 1 column 1 (char 0)
1791304340 1791304200 True 1791304333.919 {"36358289": {"bids": [[0.78, 18], [0.77, 225], [0.76, 52.5], [0.75, 147.5]], "asks": [[0.79, 62], [0.8, 267.7], [0.81, 209.89], [0.82, 561.93]]}, "41846675": {"bids": [[0.18, 1075.02], [0.17, 636], [0.16, 3245.05], [0.15, 3396.39]], "asks": [[0.19, 84.9], [0.2, 186], [0.21, 231], [0.22, 249]]}, "49425878": {"bids": [[0.81, 84.9], [0.8, 186], [0.79, 231], [0.78, 249]], "asks": [[0.82, 1075.02], [0.83, 636], [0.84, 3245.05], [0.85, 3396.39]]}, "90008393": {"bids": [[0.21, 62], [0.2, 267.7], [0.19, 209.89], [0.18, 561.93]], "asks": [[0.22, 18], [0.23, 225], [0.24, 52.5], [0.25, 147.5]]}} proba None
1791304355 1791304200 True 1791304350.992 {"11373189": {"bids": [[0.46, 285.89], [0.45, 364.77], [0.44, 150.22], [0.43, 154.79]], "asks": [[0.47, 42.52], [0.48, 5], [0.49, 47.65], [0.5, 65]]}, "12122209": {"bids": [[0.49, 9.94], [0.48, 682.71], [0.47, 563.96], [0.46, 700.64]], "asks": [[0.5, 401.79], [0.51, 798], [0.52, 1212], [0.53, 1099.96]]}, "20545521": {"bids": [[0.53, 42.52], [0.52, 5], [0.51, 47.65], [0.5, 65]], "asks": [[0.54, 285.89], [0.55, 364.77], [0.56, 150.22], [0.57, 154.79]]}, "36358289": {"bids": [[0.76, 61.54], [0.75, 115.91], [0.74, 30], [0.73, 166]], "asks": [[0.77, 41], [0.78, 101], [0.79, 221], [0.8, 166.7]]}, "41846675": {"bids": [[0.29, 547.85], [0.28, 399.71], [0.27, 365.2], [0.26, 268]], "asks": [[0.3, 94.8], [0.31, 240.49], [0.32, 1281.98], [0.33, 2291.3]]}, "49425878": {"bids": [[0.7, 94.8], [0.69, 240.49], [0.68, 1281.98], [0.67, 2291.3]], "asks": [[0.71, 547.85], [0.72, 399.71], [0.73, 365.2], [0.74 proba None
1791304371 1791304200 True 1791304350.992 {"11373189": {"bids": [[0.46, 285.89], [0.45, 404.77], [0.44, 150.22], [0.43, 234.79]], "asks": [[0.47, 42.52], [0.48, 5], [0.49, 47.65], [0.5, 20]]}, "12122209": {"bids": [[0.48, 560.15], [0.47, 643.96], [0.46, 580.64], [0.45, 697.77]], "asks": [[0.49, 82], [0.5, 309.79], [0.51, 738], [0.52, 1262]]}, "20545521": {"bids": [[0.53, 42.52], [0.52, 5], [0.51, 47.65], [0.5, 20]], "asks": [[0.54, 285.89], [0.55, 404.77], [0.56, 150.22], [0.57, 234.79]]}, "36358289": {"bids": [[0.83, 494.02], [0.82, 301.72], [0.81, 534.5], [0.8, 145.91]], "asks": [[0.84, 10], [0.85, 115.8], [0.86, 128], [0.87, 167]]}, "41846675": {"bids": [[0.15, 35], [0.14, 310.22], [0.13, 2906.21], [0.12, 3397.71]], "asks": [[0.16, 1168.56], [0.17, 554.29], [0.18, 394], [0.19, 396.29]]}, "49425878": {"bids": [[0.84, 1168.56], [0.83, 554.29], [0.82, 394], [0.81, 396.29]], "asks": [[0.85, 35], [0.86, 310.22], [0.87, 2906.21], [ proba None
1791304386 1791304200 True 1791304350.992 {"11373189": {"bids": [[0.46, 305.89], [0.45, 404.77], [0.44, 150.22], [0.43, 254.79]], "asks": [[0.47, 42.52], [0.48, 5], [0.49, 47.65], [0.5, 20]]}, "12122209": {"bids": [[0.48, 560.15], [0.47, 643.96], [0.46, 580.64], [0.45, 657.77]], "asks": [[0.49, 122], [0.5, 294.79], [0.51, 738], [0.52, 1262]]}, "20545521": {"bids": [[0.53, 42.52], [0.52, 5], [0.51, 47.65], [0.5, 20]], "asks": [[0.54, 305.89], [0.55, 404.77], [0.56, 150.22], [0.57, 254.79]]}, "36358289": {"bids": [[0.94, 151.13], [0.93, 289.59], [0.92, 552.51], [0.91, 99.5]], "asks": [[0.95, 16.89], [0.96, 228.7], [0.97, 819.31], [0.98, 896.7]]}, "41846675": {"bids": [[0.06, 453.58], [0.05, 537.22], [0.04, 3681.24], [0.03, 4401.29]], "asks": [[0.07, 488.9], [0.08, 405.78], [0.09, 1123.54], [0.1, 538.18]]}, "49425878": {"bids": [[0.93, 488.9], [0.92, 405.78], [0.91, 1123.54], [0.9, 538.18]], "asks": [[0.94, 453.58], [0.95, 537.22], proba None
1791304401 1791304200 True 1791304350.992 {"11373189": {"bids": [[0.46, 300.89], [0.45, 359.77], [0.44, 140.22], [0.43, 174.79]], "asks": [[0.47, 40.39], [0.48, 5], [0.49, 47.65], [0.5, 45]]}, "12122209": {"bids": [[0.48, 524.81], [0.47, 643.96], [0.46, 510.64], [0.45, 732.77]], "asks": [[0.49, 74.12], [0.5, 294.79], [0.51, 738], [0.52, 1262]]}, "20545521": {"bids": [[0.53, 40.39], [0.52, 5], [0.51, 47.65], [0.5, 45]], "asks": [[0.54, 300.89], [0.55, 359.77], [0.56, 140.22], [0.57, 174.79]]}, "36358289": {"bids": [[0.97, 50], [0.96, 116.18], [0.95, 131.9], [0.94, 198.6]], "asks": [[0.98, 343.48], [0.99, 663.6]]}, "41846675": {"bids": [[0.04, 1899.82], [0.03, 3644.13], [0.02, 4726.99], [0.01, 9235.98]], "asks": [[0.05, 14.66], [0.06, 257], [0.07, 499.41], [0.08, 373]]}, "49425878": {"bids": [[0.95, 14.66], [0.94, 257], [0.93, 499.41], [0.92, 373]], "asks": [[0.96, 1899.82], [0.97, 3644.13], [0.98, 4726.99], [0.99, 9235.98]]}, "70 proba 0.21017417557983953
