86400
1790939200000000,86400.01000000,86400.01000000,86400.00000000,86400.00000000,0.00411000,1790939200999999,355.10403590,4,0.00359000,310.17603590,0
1790939201000000,86400.00000000,86400.01000000,86400.00000000,86400.00000000,0.01019000,1790939201999999,880.41604890,8,0.00489000,422.49604890,0
1790939202000000,86400.00000000,86400.01000000,86400.00000000,86400.01000000,0.00659000,1790939202999999,569.37604900,8,0.00490000,423.36004900,0
1790939203000000,86400.00000000,86400.00000000,86400.00000000,86400.00000000,0.00622000,1790939203999999,537.40800000,6,0.00000000,0.00000000,0
1790939204000000,86400.01000000,86400.01000000,86400.00000000,86400.01000000,0.00870000,1790939204999999,751.68004690,8,0.00469000,405.21604690,0
1790939205000000,86400.01000000,86400.01000000,86400.00000000,86400.01000000,0.00267000,1790939205999999,230.68802140,5,0.00214000,184.89602140,0
1790939206000000,86400.00000000,86400.01000000,86400.00000000,86400.00000000,0.00869000,1790939206999999,750.81601870,8,0.00187000,161.56801870,0
1790939207000000,86400.01000000,86400.01000000,86400.00000000,86400.00000000,0.06591000,1790939207999999,5694.62464950,6,0.06495000,5611.68064950,0
1790939208000000,86400.01000000,86400.01000000,86400.00000000,86400.01000000,0.01095000,1790939208999999,946.08009810,13,0.00981000,847.58409810,0
1790939209000000,86400.01000000,86400.01000000,86400.00000000,86400.00000000,0.00255000,1790939209999999,220.32001400,6,0.00140000,120.96001400,0
1790939210000000,86400.00000000,86400.01000000,86400.00000000,86400.01000000,0.00228000,1790939210999999,196.99201070,4,0.00107000,92.44801070,0
1790939211000000,86400.00000000,86400.01000000,86400.00000000,86400.00000000,0.00112000,1790939211999999,96.76800330,4,0.00033000,28.51200330,0
close identique a t-1 : 0.4331365740740741
close identique a t-5 : 0.23278935185185184
secondes volume 0 : 0.06925925925925926
